const livrosCapitulosVersiculos = {
  // Antigo Testamento
  "Gênesis": [31, 25, 24, 26, 32, 22, 24, 22, 29, 32, 32, 20, 18, 18, 20, 16, 20, 18, 25, 18, 25, 34, 30, 22, 36, 32, 22, 20, 34, 23, 32, 24, 30, 24, 30, 43, 33, 23, 36, 23, 25, 28, 27, 30, 32, 31, 25, 33, 50],
  "Êxodo": [22, 25, 22, 31, 23, 30, 30, 28, 23, 29, 38, 51, 25, 24, 30, 31, 29, 29, 30, 26, 31, 30, 33, 34, 30, 34, 24, 23, 23, 25, 29, 34, 28, 32, 35, 30, 32, 34, 31, 28],
  "Levítico": [17, 16, 17, 35, 19, 30, 38, 36, 24, 20, 47, 30, 59, 43, 34, 21, 14, 30, 37, 27, 24, 33, 22, 23, 55],
  "Números": [54, 34, 51, 49, 31, 47, 55, 31, 23, 36, 47, 32, 33, 45, 41, 47, 44, 44, 40, 35, 39, 41, 30, 29, 41, 32, 23, 56, 37, 38, 54, 29, 25, 19, 12],
  "Deuteronômio": [46, 37, 29, 49, 33, 25, 26, 20, 29, 22, 32, 32, 19, 29, 23, 22, 17, 22, 26, 20, 23, 30, 28, 32, 29, 35, 33, 29, 28, 20, 31, 23, 29, 26, 29, 12],
  "Josué": [18, 24, 17, 24, 15, 27, 26, 35, 27, 43, 23, 24, 33, 15, 63, 16, 18, 28, 51, 38, 45, 34, 20, 29, 39],
  "Juízes": [36, 23, 31, 24, 20, 40, 25, 35, 57, 21, 40, 25, 10, 20, 31, 16, 23, 27, 30, 28, 25],
  "Rute": [22, 23, 18, 22],
  "I Samuel": [28, 36, 21, 22, 13, 21, 17, 22, 27, 27, 15, 25, 22, 21, 36, 23, 15, 30, 24, 42, 15, 29, 24, 22, 44, 25, 30, 25],
  "II Samuel": [27, 32, 39, 12, 25, 23, 29, 18, 30, 43, 24, 31, 39, 25, 37, 23, 25, 23, 43, 31, 22, 30, 26, 25],
  "I Reis": [18, 46, 43, 34, 18, 38, 51, 66, 28, 29, 21, 25, 38, 31, 24, 22],
  "II Reis": [18, 25, 39, 37, 27, 23, 20, 29, 29, 32, 29, 21, 24, 27, 24, 21, 21],
  "I Crônicas": [54, 55, 24, 43, 26, 47, 40, 44, 44, 29, 47, 22, 36, 42, 29, 43, 27, 48, 30, 38, 30, 32, 34, 31],
  "II Crônicas": [17, 18, 17, 22, 14, 42, 23, 36, 31, 18, 23, 22, 12, 10, 25, 17, 17, 24, 23, 24, 16, 21, 21, 27, 19, 23],
  "Esdras": [11, 70, 13, 24, 14, 22, 28, 36, 15, 44],
  "Neemias": [11, 20, 32, 23, 19, 19, 73, 19, 37, 40, 36, 47],
  "Ester": [22, 23, 15, 17, 14, 13, 10, 17, 32, 3],
  "Jó": [22, 13, 26, 21, 27, 47, 21, 28, 42, 22, 20, 25, 28, 22, 30, 22, 23, 42],
  "Salmos": [
    6, 12, 8, 13, 12, 13, 13, 9, 10, 18, 9, 15, 9, 10, 9, 10, 15, 10, 14, 12, 10, 11, 12, 22, 11, 11, 10, 13, 11, 10, 9, 9, 9, 9, 10, 10, 11, 10, 10, 12, 11, 11, 13, 13, 12, 8, 12, 9, 14, 12, 9, 8, 12, 12, 8, 9, 10, 10, 11, 12, 11, 12, 9, 12, 9, 12, 13, 9, 10, 11, 12, 14, 11, 10, 13, 10, 11, 9, 13, 9, 9, 12, 8, 11, 8, 12, 9, 11, 10, 8, 11, 11, 9, 8, 11, 10, 9, 8, 8, 12, 7, 8, 10, 9, 9, 10, 9, 11, 12, 9, 12, 10, 8, 8, 10, 9, 12, 13
  ],
  "Provérbios": [33, 22, 35, 27, 23, 35, 28, 36, 18, 32, 31, 28, 25, 35, 30, 33, 23, 35, 29, 28, 30, 31],
  "Eclesiastes": [18, 26, 22, 16, 20, 12, 29, 14, 18, 10, 10, 14, 23],
  "Cânticos": [17, 17, 11, 16, 17, 13, 13, 14],
  "Isaías": [31, 22, 26, 6, 30, 13, 26, 22, 27, 34, 12, 21, 11, 23, 28, 22, 24, 33, 25, 14, 17, 27, 13, 22, 10, 25, 19, 8, 26, 16, 25, 30, 24, 25, 29, 35, 16, 22, 28, 20, 31, 24, 12, 15, 19, 13, 11, 15, 12, 21, 11, 13, 25, 10, 11, 11, 9, 20, 17, 14, 14, 22, 14, 22, 15, 15, 11, 23, 13, 22, 9, 23, 15, 22, 15, 10, 22],
  "Jeremias": [19, 32, 17, 31, 31, 27, 34, 22, 29, 25, 29, 34, 20, 23, 27, 24, 18, 23, 21, 26, 30, 26, 26, 29, 30, 23, 31, 23, 19, 29, 28, 27, 33, 22, 29, 24, 22, 24, 34, 19, 23, 23, 28, 22, 25, 17],
  "Lamentações": [22, 22, 66, 22, 22],
  "Ezequiel": [28, 10, 27, 23, 17, 14, 27, 17, 22, 21, 25, 28, 23, 23, 19, 16, 25, 27, 30, 24, 27, 18, 25, 19, 17, 20, 16, 18, 15, 19, 22, 18, 26, 16, 23, 22, 23, 19, 28, 21, 27, 23, 19, 21, 25, 26, 26],
  "Daniel": [21, 49, 30, 37, 31, 28, 28, 27, 27, 21, 21, 19],
  "Oséias": [11, 23, 24, 19, 15, 11, 16, 14, 17, 15, 12, 14, 13, 12],
  "Joel": [20, 32],
  "Amós": [15, 16, 15, 13, 27, 14, 17, 14, 15],
  "Obadias": [21],
  "Jonas": [17, 11, 10, 11],
  "Miquéias": [16, 13, 12, 13, 15, 16, 20],
  "Naum": [15, 13, 19],
  "Habacuque": [17, 20, 19],
  "Sofonias": [18, 15, 20],
  "Ageu": [15, 23],
  "Zacarias": [17, 13, 10, 14, 11, 15, 14, 23, 17, 12, 17, 14, 16, 19],
  "Malaquias": [14, 17, 18, 6],

  // Novo Testamento
  "Mateus": [25, 23, 17, 25, 48, 34, 29, 34, 38, 42, 30, 50, 58, 36, 39, 28, 27, 35, 30, 34, 46, 46, 39, 51, 46, 75, 66, 20],
  "Marcos": [45, 28, 35, 41, 43, 56, 37, 38, 50, 52, 33, 44, 37, 72, 47, 20],
  "Lucas": [80, 52, 38, 44, 39, 49, 50, 56, 62, 42, 54, 59, 35, 35, 32, 31, 37, 43, 48, 47, 38, 71, 56, 53],
  "João": [51, 25, 36, 54, 47, 71, 53, 59, 41, 42, 57, 50, 38, 31, 27, 33, 26, 40, 42, 31, 25],
  "Atos": [26, 47, 26, 37, 42, 15, 60, 40, 43, 48, 30, 25, 52, 28, 41, 40, 34, 28, 41, 38, 40, 30, 35, 27, 27, 32, 44, 31],
  "Romanos": [32, 29, 31, 25, 21, 23, 25, 39, 33, 21, 36, 21, 14, 23, 33, 27],
  "I Coríntios": [31, 16, 23, 21, 13, 20, 40, 13, 27, 33, 34, 31, 13, 40, 58, 24],
  "II Coríntios": [24, 17, 18, 18, 21, 18, 16, 24, 15, 18, 33, 21, 14],
  "Gálatas": [24, 21, 29, 31, 26, 18],
  "Efésios": [23, 22, 21, 32, 33, 24],
  "Filipenses": [30, 30, 21, 23],
  "Colossenses": [29, 23, 25, 18],
  "I Tessalonicenses": [10, 20, 13, 18, 28],
  "II Tessalonicenses": [12, 17, 18],
  "I Timóteo": [20, 15, 16, 16, 25, 21],
  "II Timóteo": [18, 26, 17, 22],
  "Tito": [16, 15, 15],
  "Filemom": [25],
  "Hebreus": [14, 18, 19, 16, 14, 20, 28, 13, 28, 39, 40, 29, 25],
  "Tiago": [27, 26, 18, 17, 20],
  "I Pedro": [25, 25, 22, 19, 14],
  "II Pedro": [21, 22, 18],
  "I João": [10, 29, 24, 21, 21],
  "II João": [13],
  "III João": [15],
  "Judas": [25],
  "Apocalipse": [20, 29, 22, 11, 14, 17, 17, 13, 21, 11, 19, 17, 18, 20, 8, 21, 18, 24, 21, 15, 27, 21]
};
